1483401600,35.74,35.78,35.23,35.53,2993700.0
1483488000,35.63,35.95,35.63,35.85,2915716.0
1483574400,35.93,35.95,35.545,35.84,2348829.0
1483660800,35.8,36.18,35.765,36.03,2147029.0
1483920000,35.98,35.98,35.72,35.72,1876385.0
1484006400,35.98,36.5,35.81,36.32,3641700.0
1484092800,36.23,36.59,36.22,36.47,3412024.0
1484179200,36.3,36.3,35.96,36.2,2388047.0
1484265600,36.32,36.5,36.2233,36.25,1208163.0
1484611200,36.1,36.28,35.85,35.98,2367830.0
1484697600,36.12,36.43,35.95,36.35,2113435.0
1484784000,36.41,36.46,36.19,36.38,2310121.0
1484870400,36.39,36.65,36.37,36.54,2233743.0
1485129600,36.52,36.52,36.17,36.44,3011327.0
1485216000,36.52,36.66,36.275,36.61,2946465.0
1485302400,36.77,37.91,36.67,37.77,5169778.0
1485388800,37.87,38.05,37.73,38.04,2772975.0
1485475200,38.05,38.17,37.87,38.0,2140888.0
1485734400,37.97,37.97,37.41,37.49,3223105.0
1485820800,37.5,37.57,37.22,37.44,3354851.0
1485907200,36.84,37.25,36.74,36.94,3494555.0
1485993600,36.89,37.25,36.78,37.09,3522608.0
1486080000,37.41,37.49,36.985,37.13,4121430.0
1486339200,36.96,37.18,36.93,37.01,2124869.0
1486425600,37.1,37.1556,36.78,37.04,2643412.0
1486512000,37.01,37.1,36.84,36.97,2070423.0
1486598400,37.0,37.36,36.88,37.32,2149441.0
1486684800,37.22,37.72,37.22,37.66,2575320.0
1486944000,37.72,37.75,37.45,37.6,2515339.0
1487030400,37.6,37.61,37.29,37.45,2320373.0
1487116800,37.75,38.435,37.75,38.39,4086933.0
1487203200,38.41,38.61,38.2701,38.61,2445778.0
1487289600,38.53,38.6,38.36,38.57,1976978.0
1487635200,38.63,38.97,38.59,38.93,2315842.0
1487721600,38.74,38.85,38.54,38.84,2127603.0
1487808000,38.81,39.21,38.74,39.09,3470815.0
1487894400,38.9,39.1976,38.82,39.05,1976252.0
1488153600,39.11,39.21,38.77,38.9,1663410.0
1488240000,38.79,39.26,38.76,39.18,4195047.0
1488326400,39.69,39.91,39.52,39.87,4113835.0
1488412800,39.83,39.94,39.625,39.68,2345125.0
1488499200,39.59,39.84,39.53,39.83,1858994.0
1488758400,39.6,39.73,39.4,39.41,2079717.0
1488844800,39.45,39.57,39.27,39.32,2215247.0
1488931200,39.44,39.46,39.24,39.31,2478969.0
1489017600,39.4,39.4,39.24,39.35,2696595.0
1489104000,39.54,39.57,39.34,39.54,3515917.0
1489363200,39.52,39.69,39.46,39.68,2786232.0
1489449600,39.6,39.88,39.5308,39.76,2135136.0
1489536000,39.86,40.205,39.77,40.16,2558298.0
1489622400,40.12,40.32,39.995,40.03,2148086.0
1489708800,40.08,40.47,39.995,40.31,3869835.0
1489968000,40.61,40.72,39.9733,40.22,6642605.0
1490054400,40.74,40.74,39.91,40.02,5255787.0
1490140800,40.14,40.26,39.66,39.8,2823260.0
1490227200,39.75,40.04,39.56,39.57,3769723.0
1490313600,39.63,39.86,39.35,39.53,2557911.0
1490572800,39.12,39.54,39.06,39.48,2048689.0
1490659200,39.39,39.91,39.34,39.85,4823474.0
1490745600,39.73,39.73,39.29,39.38,2758805.0
1490832000,39.35,39.579,39.29,39.48,2369792.0
1490918400,39.38,39.38,38.93,39.18,3413206.0
1491177600,39.24,39.37,38.93,39.28,3749537.0
1491264000,39.3,39.345,39.04,39.26,2876739.0
1491350400,39.45,39.57,39.21,39.25,2324861.0
1491436800,39.28,39.455,39.0,39.25,5279465.0
1491523200,39.1,39.45,39.06,39.29,3375697.0
1491782400,39.56,39.68,39.48,39.61,2023573.0
1491868800,39.46,39.52,39.225,39.51,2513507.0
1491955200,39.32,39.36,38.93,39.28,2459705.0
1492041600,39.29,39.51,39.11,39.29,2706768.0
1492387200,39.4,39.59,39.2,39.56,2714459.0
1492473600,39.2,39.6,38.61,39.01,7093941.0
1492560000,39.13,39.29,38.8,38.87,3923553.0
1492646400,38.93,39.52,38.85,39.41,2996476.0
1492732800,39.4,39.46,39.16,39.38,3248643.0
1492992000,39.93,39.98,39.48,39.71,1653564.0
1493078400,39.82,39.96,39.8,39.92,1961930.0
1493164800,39.87,40.22,39.83,39.98,1664637.0
1493251200,40.07,40.24,39.9,40.1,1991916.0
1493337600,40.11,40.11,39.69,39.72,1574224.0
1493596800,39.83,39.895,39.585,39.77,1840826.0
1493683200,39.81,39.865,39.29,39.41,2620669.0
1493769600,39.41,40.13,39.37,40.05,3249997.0
1493856000,40.18,40.38,39.93,40.37,2969915.0
1493942400,40.41,40.76,40.32,40.74,3556754.0
1494201600,40.75,40.9399,40.49,40.58,2532120.0
1494288000,40.52,40.72,40.23,40.32,2667329.0
1494374400,40.21,40.58,40.15,40.53,2246045.0
1494460800,40.35,40.37,39.99,40.23,2190128.0
1494547200,40.1,40.295,39.91,39.98,1988947.0
1494806400,40.15,40.33,40.04,40.22,2128656.0
1494892800,40.25,40.32,40.06,40.12,2756624.0
1494979200,39.75,41.2,38.75,41.16,4289199.0
1495065600,41.39,41.65,41.25,41.57,4466129.0
1495152000,41.61,41.74,41.045,41.1,4780466.0
1495411200,41.26,41.785,41.26,41.52,2875088.0
1495497600,41.54,41.65,41.37,41.55,3944243.0
1495584000,41.57,41.85,41.53,41.82,2230318.0
1495670400,41.93,42.35,41.84,42.27,1906076.0
1495756800,42.32,42.435,42.13,42.3,2430894.0
1496102400,42.14,42.33,42.1,42.22,1496492.0
1496188800,42.26,42.46,42.171,42.43,4754868.0
1496275200,42.49,42.76,42.32,42.76,2359849.0
1496361600,42.79,43.14,42.69,43.08,2515536.0
1496620800,43.04,43.22,42.89,43.06,1911843.0
1496707200,42.91,43.26,42.85,42.96,2488613.0
1496793600,43.21,43.23,42.93,42.95,2042219.0
1496880000,43.04,43.13,42.8,43.06,3612824.0
1496966400,43.12,43.52,43.02,43.48,2433231.0
1497225600,43.44,43.7,43.14,43.68,2727594.0
1497312000,43.65,43.82,43.54,43.61,2687377.0
1497398400,43.53,44.52,43.47,44.41,3245648.0
1497484800,44.38,44.74,44.28,44.74,2362961.0
1497571200,44.76,44.88,44.53,44.83,3083921.0
1497830400,45.03,45.03,44.41,44.7,4931758.0
1497916800,44.72,44.82,44.37,44.41,1915054.0
1498003200,44.56,44.56,44.36,44.47,2748513.0
1498089600,44.27,44.42,43.99,44.09,2472204.0
1498176000,44.15,44.48,43.94,44.39,1.4861468E7
1498435200,44.46,44.67,44.31,44.56,2355265.0
1498521600,44.53,44.71,44.4,44.63,2587936.0
1498608000,44.83,44.86,44.45,44.53,2295048.0
1498694400,44.7,44.74,43.985,44.15,2081631.0
1498780800,44.35,44.51,44.065,44.09,2448989.0
1499040000,44.21,44.81,44.21,44.31,1208184.0
1499212800,44.43,44.8,44.16,44.76,2891156.0
1499299200,44.75,44.85,44.38,44.43,4703329.0
1499385600,44.47,45.165,44.43,44.99,2192036.0
1499644800,44.76,45.11,44.76,45.0,3246135.0
1499731200,45.03,45.11,44.5499,44.58,2248945.0
1499817600,44.67,44.95,44.5,44.86,2784180.0
1499904000,46.33,46.33,44.87,45.2,4589801.0
1499990400,45.08,45.63,44.9999,45.58,2982214.0
1500249600,45.58,45.58,45.17,45.45,5069748.0
1500336000,45.25,45.94,45.24,45.34,4987589.0
1500422400,45.48,45.67,45.28,45.67,2349179.0
1500508800,45.67,46.53,45.55,46.48,3142022.0
1500595200,46.38,46.46,46.21,46.36,2876792.0
1500854400,46.42,46.88,46.36,46.78,1940539.0
1500940800,47.12,47.18,46.68,46.91,1765984.0
1501027200,46.97,47.0,46.385,46.51,2226566.0
1501113600,46.5,46.56,46.08,46.28,2915726.0
1501200000,46.33,47.28,46.33,47.22,3113015.0
1501459200,47.3,47.3799,47.04,47.13,2743973.0
1501545600,47.26,47.28,47.015,47.26,2310392.0
1501632000,47.32,47.52,47.13,47.22,2492174.0
1501718400,47.23,47.6766,47.085,47.61,3017238.0
1501804800,47.75,47.75,47.52,47.71,1817557.0
1502064000,47.73,47.75,47.53,47.67,1965098.0
1502150400,47.58,47.77,47.5,47.64,2378281.0
1502236800,47.61,48.04,47.585,48.04,2786170.0
1502323200,47.83,47.94,47.545,47.71,2485540.0
1502409600,47.7,47.94,47.17,47.23,2943218.0
1502668800,47.51,47.81,47.4,47.77,1480998.0
1502755200,47.79,47.86,47.48,47.59,2158060.0
1502841600,47.95,48.95,47.65,48.71,3892326.0
1502928000,48.76,48.98,48.44,48.51,3891341.0
1503014400,48.43,48.895,48.3,48.63,3466061.0
1503273600,48.63,48.765,48.1,48.69,2615032.0
1503360000,48.71,48.98,48.59,48.89,2500973.0
1503446400,48.73,49.01,48.73,48.83,1721278.0
1503532800,48.94,48.94,48.24,48.26,2618983.0
1503619200,48.43,48.74,48.38,48.4,2406726.0
1503878400,47.45,47.7536,46.98,47.31,6050127.0
1503964800,47.15,47.64,47.14,47.63,3208804.0
1504051200,47.6,47.775,46.4,46.57,5079286.0
1504137600,46.52,46.8,46.38,46.48,4557229.0
1504224000,46.52,46.683,45.64,45.66,6624814.0
1504569600,45.28,45.3324,43.98,44.11,7658903.0
1504656000,44.2,45.535,44.12,44.94,5991417.0
1504742400,44.92,44.92,43.59,43.73,5818044.0
1504828800,43.6,45.505,43.6,45.41,7058859.0
1505088000,46.49,47.55,46.24,46.42,7352395.0
1505174400,46.3,46.62,45.96,46.58,4302695.0
1505260800,46.23,46.37,45.74,46.14,3098589.0
1505347200,46.09,46.09,45.43,46.07,3167825.0
1505433600,46.07,46.45,45.96,46.02,3690372.0
1505692800,46.17,46.33,45.9,46.31,3153069.0
1505779200,47.14,48.3,47.14,47.63,6611399.0
1505865600,47.67,48.01,47.5,47.7,5060750.0
1505952000,47.64,48.13,47.58,47.68,3923298.0
1506038400,47.61,48.02,47.42,47.98,3044053.0
1506297600,47.93,48.06,47.61,48.0,4710047.0
1506384000,47.91,48.29,47.8,47.85,2941636.0
1506470400,48.13,48.2999,47.61,47.71,2857103.0
1506556800,47.69,48.08,47.57,48.06,4015715.0
1506643200,47.96,48.44,47.855,48.42,1974645.0
1506902400,48.39,49.19,48.36,49.03,3457131.0
1506988800,48.92,49.1,48.79,49.07,2542803.0
1507075200,49.01,49.3,48.94,49.17,3555398.0
1507161600,49.21,49.26,48.99,49.05,2757466.0
1507248000,49.1,49.41,48.94,49.28,1815892.0
1507507200,49.34,49.75,49.165,49.45,2292207.0
1507593600,49.44,49.63,49.16,49.37,2198168.0
1507680000,49.29,49.36,48.96,49.25,2336605.0
1507766400,49.32,49.41,48.7,48.75,3064813.0
1507852800,48.84,49.16,48.635,48.67,3216581.0
1508112000,48.67,49.12,48.67,48.98,3142711.0
1508198400,49.0,49.4699,48.08,48.55,5517417.0
1508284800,48.86,48.98,47.89,48.09,4104074.0
1508371200,48.04,48.7,47.92,48.69,2502737.0
1508457600,48.97,49.02,48.52,48.91,3089680.0
1508716800,48.98,49.06,48.755,48.9,3002881.0
1508803200,48.99,49.28,48.84,49.03,3221407.0
1508889600,48.9,49.01,48.56,48.61,2827889.0
1508976000,48.87,49.25,48.67,49.15,2883147.0
1509062400,48.95,49.12,48.66,48.9,2683153.0
1509321600,48.79,49.11,48.655,48.66,2385075.0
1509408000,48.7,48.93,48.59,48.65,2689957.0
1509494400,48.85,48.93,48.69,48.8,1873492.0
1509580800,48.88,50.14,48.84,49.31,3538325.0
1509667200,49.18,50.27,49.15,50.15,3884802.0
1509926400,49.81,50.4,49.74,50.21,3272613.0
1510012800,50.31,51.0,50.29,50.49,1830999.0
1510099200,50.4,50.72,50.28,50.55,1778767.0
1510185600,50.39,50.73,50.14,50.64,1939280.0
1510272000,50.48,50.86,50.18,50.75,1292349.0
1510531200,50.55,51.21,50.4,51.1,3418901.0
1510617600,50.8,51.54,50.72,51.28,2894777.0
1510704000,51.17,51.89,50.95,51.65,3130381.0
1510790400,52.0,52.08,51.43,51.57,2940131.0
1510876800,51.39,51.68,51.32,51.55,2240670.0
1511136000,51.65,51.9,51.55,51.82,2015760.0
1511222400,52.0,52.26,51.75,51.87,4229958.0
1511308800,51.88,51.88,51.48,51.68,2078667.0
1511481600,51.86,51.95,51.61,51.85,1726318.0
1511740800,51.93,52.24,51.8601,52.07,2086846.0
1511827200,52.05,52.82,52.02,52.78,3747837.0
1511913600,52.92,53.29,52.4,52.45,3706111.0
1512000000,52.74,53.71,52.51,53.18,5779044.0
1512086400,53.33,54.0,52.55,53.6,3301907.0
1512345600,54.19,54.54,54.04,54.36,3373566.0
1512432000,54.5,54.75,54.14,54.25,3880740.0
1512518400,54.27,54.6749,54.083,54.59,1935070.0
1512604800,54.52,54.835,54.395,54.52,1993232.0
1512691200,54.77,54.99,54.57,54.99,1609665.0
1512950400,54.88,54.99,54.45,54.88,2571554.0
1513036800,55.18,55.81,55.03,55.15,4154715.0
1513123200,55.24,56.23,55.15,55.86,3407800.0
1513209600,56.18,56.185,55.0,55.14,3069152.0
1513296000,55.33,55.8,55.2,55.46,5616812.0
1513555200,55.51,55.78,55.095,55.2,2511204.0
1513641600,55.51,55.91,55.31,55.79,2613678.0
1513728000,55.94,56.28,55.79,56.17,2691183.0
1513814400,56.51,57.18,55.65,55.8,2610789.0
1513900800,55.95,56.18,55.64,56.09,1714783.0
1514246400,56.03,56.3,55.99,56.22,1235654.0
1514332800,56.3,56.69,56.22,56.36,1865601.0
1514419200,56.53,56.7,56.135,56.51,1314720.0
1514505600,56.52,56.64,56.32,56.32,1375219.0
1514851200,56.46,56.46,55.07,55.36,2715475.0
1514937600,55.32,55.56,54.86,55.33,3247332.0
1515024000,55.43,55.8,55.095,55.32,2573296.0
1515110400,55.44,55.59,54.87,55.53,3264793.0
1515369600,55.61,55.815,55.32,55.7,3075619.0
1515456000,55.81,56.57,55.77,56.17,3823617.0
1515542400,56.06,56.2,55.44,55.68,3212949.0
1515628800,55.84,56.04,55.5,55.66,2087117.0
1515715200,55.82,56.1,55.37,55.94,2659776.0
1516060800,56.08,56.53,55.88,56.27,3800449.0
1516147200,56.48,57.4,56.23,57.23,3169878.0
1516233600,57.24,57.44,56.91,57.29,2042859.0
1516320000,57.51,57.85,57.34,57.66,3847604.0
1516579200,57.85,58.25,57.79,58.22,2632899.0
1516665600,58.17,58.25,56.33,57.05,4611261.0
1516752000,57.63,57.63,54.01,55.33,7594887.0
1516838400,55.7,55.81,55.08,55.76,4766578.0
1516924800,55.98,56.76,54.05,54.83,5802847.0
1517184000,54.76,54.85,53.09,53.13,7824812.0
1517270400,53.15,54.47,53.15,53.49,5233570.0
1517356800,53.82,54.5,53.5,54.1,6765392.0
1517443200,53.15,54.41,53.1,53.58,4502846.0
1517529600,53.56,54.45,53.16,53.24,3004371.0
1517788800,52.96,54.37,51.94,51.95,4452676.0
1517875200,51.44,53.11,50.79,52.87,5951128.0
1517961600,52.78,54.1,52.55,53.4,4334460.0
1518048000,53.47,53.51,51.04,51.07,5464752.0
1518134400,51.6,52.55,51.22,52.22,5109461.0
1518393600,52.42,52.79,51.47,52.38,2850833.0
1518480000,52.11,53.24,51.99,53.22,3078387.0
1518566400,53.77,56.35,53.57,56.3,6304580.0
1518652800,56.9,57.0,56.24,56.78,4209011.0
1518739200,56.59,57.53,56.59,57.35,3704703.0
1519084800,57.06,57.29,56.47,56.54,3807347.0
1519171200,56.73,58.1,56.59,57.17,3649130.0
1519257600,57.28,57.79,56.67,56.85,3358122.0
1519344000,56.99,57.76,56.92,57.71,1968645.0
1519603200,57.8,59.06,57.74,58.85,3289980.0
1519689600,58.8,59.26,58.53,58.53,4889080.0
1519776000,58.88,59.36,57.57,57.58,4031844.0
1519862400,57.75,58.6,57.28,57.79,3158224.0
1519948800,57.4,57.84,56.976,57.58,4005987.0
1520208000,57.32,58.945,57.025,58.79,3179979.0
1520294400,58.86,58.97,57.68,58.62,3362392.0
1520380800,58.2,58.67,58.17,58.42,2326404.0
1520467200,58.53,59.085,58.4,59.02,1455473.0
1520553600,59.37,60.38,59.17,60.37,1860746.0
1520812800,60.35,60.43,59.74,59.97,2553288.0
1520899200,60.06,60.69,59.96,60.01,3339793.0
1520985600,61.3,61.63,60.72,61.4,3348357.0
1521072000,61.55,61.71,60.8,61.58,3345353.0
1521158400,61.81,62.14,61.63,61.92,3086139.0
1521417600,61.92,62.5199,61.395,61.87,2321690.0
1521504000,62.06,62.74,62.02,62.33,2611002.0
1521590400,62.39,62.71,61.73,62.01,2383680.0
1521676800,61.49,61.985,60.47,60.55,2713853.0
1521763200,60.51,61.0,59.61,59.68,3541524.0
1522022400,60.09,60.98,59.51,60.85,3699131.0
1522108800,61.09,61.43,59.93,60.29,3575979.0
1522195200,60.35,60.87,59.78,60.44,3403074.0
1522281600,60.77,61.46,60.44,60.93,3268597.0
1522627200,60.99,61.27,59.17,59.81,3481517.0
1522713600,60.07,60.96,59.85,60.69,3498736.0
1522800000,60.13,61.55,60.04,61.41,3841235.0
1522886400,61.65,61.97,61.05,61.25,2900436.0
1522972800,60.86,61.39,59.7,60.04,3661435.0
1523232000,60.4,60.9,59.8941,60.0,2952814.0
1523318400,60.81,60.98,60.32,60.39,3037735.0
1523404800,59.96,60.33,59.81,59.99,2314983.0
1523491200,60.39,60.76,60.22,60.5,2155775.0
1523577600,60.92,60.98,59.92,60.07,2711883.0
1523836800,60.58,61.42,60.46,60.93,4647950.0
1523923200,61.45,62.78,61.01,62.28,5132072.0
1524009600,62.39,62.43,60.83,61.18,3972958.0
1524096000,61.18,61.74,60.86,61.13,2991848.0
1524182400,61.23,61.39,60.8,61.05,2886624.0
1524441600,61.5,61.59,60.961,61.22,2146645.0
1524528000,61.33,61.49,60.26,60.71,2819952.0
1524614400,60.8,60.97,59.96,60.3,3369974.0
1524700800,60.36,60.88,59.98,60.63,1600951.0
1524787200,60.53,61.01,60.43,60.98,1519238.0
1525046400,61.1,61.25,60.29,60.29,2506598.0
1525132800,60.32,60.53,59.92,60.5,1929271.0
1525219200,60.15,60.24,58.11,58.98,3929183.0
1525305600,58.72,59.62,58.23,59.27,3764527.0
1525392000,59.03,60.11,58.64,59.81,2457310.0
1525651200,59.84,61.01,59.81,60.7,2675934.0
1525737600,60.53,61.28,60.48,61.16,2546534.0
1525824000,61.13,61.8,61.02,61.79,1600812.0
1525910400,61.9,62.61,61.65,62.37,2522651.0
1525996800,62.34,62.99,62.22,62.43,2073874.0
1526256000,62.48,62.59,61.615,61.72,3026600.0
1526342400,61.59,62.52,61.55,61.91,3991167.0
1526428800,62.1,62.3,61.03,61.61,3366717.0
1526515200,61.09,61.235,60.195,60.36,3644643.0
1526601600,60.49,61.04,60.28,60.93,4993451.0
1526860800,61.31,61.915,61.01,61.66,3327236.0
1526947200,61.8,62.8,61.62,61.99,3208998.0
1527033600,61.85,62.36,61.75,62.23,3086089.0
1527120000,62.24,62.63,61.82,62.63,2624164.0
1527206400,62.54,62.67,62.19,62.35,2078370.0
1527552000,62.04,62.09,61.32,61.71,2880974.0
1527638400,62.04,63.28,62.01,63.0,2260499.0
1527724800,62.91,62.91,61.99,62.09,6675299.0
1527811200,62.56,62.69,61.96,62.43,2687076.0
1528070400,62.61,62.97,62.48,62.83,4704184.0
1528156800,62.78,63.55,62.66,62.99,3009630.0
1528243200,63.08,63.3933,61.1,62.59,4162319.0
1528329600,62.63,62.82,61.92,62.61,3935484.0
1528416000,62.65,62.87,62.39,62.84,2320933.0
1528675200,62.93,63.14,62.33,62.74,1987293.0
1528761600,62.85,63.0,61.775,61.92,3707434.0
1528848000,62.25,64.77,62.15,62.52,4815454.0
1528934400,62.81,62.97,61.7,61.89,3327905.0
1529020800,61.85,62.38,61.36,62.36,4254140.0
1529280000,61.91,61.99,61.345,61.5,2180954.0
1529366400,61.01,62.24,61.0,61.96,5244657.0
1529452800,62.34,62.34,61.38,61.42,2579399.0
1529539200,61.24,61.53,60.9,61.05,1740870.0
1529625600,61.32,61.39,60.64,60.78,9356429.0
1529884800,60.85,61.14,60.1,60.18,4256976.0
1529971200,60.36,60.48,59.735,59.75,3433950.0
1530057600,60.1,60.15,58.68,58.71,3850759.0
1530144000,58.73,59.87,58.695,59.53,2824758.0
1530230400,59.68,59.905,59.13,59.15,4100809.0
1530489600,58.97,59.76,58.93,59.74,3414419.0
1530576000,59.86,60.19,59.3,59.33,1198864.0
1530748800,59.59,59.77,58.92,59.06,2880082.0
1530835200,58.99,59.61,58.87,59.19,1985736.0
1531094400,59.53,59.74,59.3,59.57,2632601.0
1531180800,59.66,60.29,59.55,59.65,3386902.0
1531267200,59.38,59.7,59.165,59.23,3175901.0
1531353600,59.61,59.67,58.63,58.66,3731052.0
1531440000,58.64,58.76,58.3,58.44,3363011.0
1531699200,58.73,58.89,58.33,58.42,4640711.0
1531785600,59.0,60.23,58.75,59.4,6385735.0
1531872000,59.56,60.5,59.13,60.39,8770423.0
1531958400,59.93,60.13,59.37,59.51,5577153.0
1532044800,59.43,60.05,59.22,59.83,3171237.0
1532304000,59.8,59.91,59.18,59.58,3028135.0
1532390400,59.64,59.83,59.18,59.39,3128189.0
1532476800,59.32,59.68,59.15,59.52,3366591.0
1532563200,59.76,60.53,59.67,60.12,3260163.0
1532649600,60.53,60.95,59.72,59.87,2035069.0
1532908800,59.86,60.17,59.34,59.42,2181531.0
1532995200,59.67,60.07,59.19,60.01,4230455.0
1533081600,60.01,60.63,59.78,60.52,3367243.0
1533168000,60.41,61.775,60.39,61.68,4257708.0
1533254400,61.5,61.73,60.85,61.55,3862320.0
1533513600,61.54,61.71,61.26,61.43,2317796.0
1533600000,61.48,62.26,61.31,61.82,3745093.0
1533686400,61.71,62.02,61.47,61.91,2091743.0
1533772800,61.94,62.9,61.84,62.54,2170188.0
1533859200,62.18,62.65,61.92,62.44,2446147.0
1534118400,62.38,62.95,61.93,61.96,2578474.0
1534204800,61.92,62.55,61.8,62.29,5674979.0
1534291200,62.36,64.19,61.98,64.06,3433795.0
1534377600,64.49,65.32,63.72,65.05,4532367.0
1534464000,65.01,66.42,64.995,66.28,5710947.0
1534723200,66.54,67.02,66.43,66.9,4511060.0
1534809600,66.84,67.63,66.781,67.22,4178495.0
1534896000,67.08,67.33,66.64,66.72,3542003.0
1534982400,66.78,66.97,66.68,66.81,1939185.0
1535068800,66.8,66.98,66.4201,66.92,2092979.0
1535328000,67.04,67.36,66.882,67.26,1751114.0
1535414400,67.28,67.43,66.95,67.15,1836700.0
1535500800,67.4,67.88,67.2,67.67,2298501.0
1535587200,67.71,67.71,66.97,67.17,1948783.0
1535673600,67.17,67.59,66.9136,67.53,2578988.0
1536019200,67.6,68.41,67.53,68.39,2068924.0
1536105600,68.46,68.95,68.41,68.79,2256867.0
1536192000,68.69,68.92,68.4629,68.82,1778050.0
1536278400,68.76,69.01,68.56,68.87,2107973.0
1536537600,68.76,68.76,67.645,67.79,2470995.0
1536624000,67.21,68.28,66.8,67.99,2769102.0
1536710400,68.14,68.63,67.83,68.36,2869983.0
1536796800,68.7,68.845,68.05,68.74,2254615.0
1536883200,68.97,68.97,67.99,68.24,3930216.0
1537142400,68.37,68.68,68.03,68.53,1899221.0
1537228800,68.7,69.73,68.53,69.68,2379614.0
1537315200,69.68,70.61,69.65,69.88,3019094.0
1537401600,70.14,70.82,70.0,70.78,2293756.0
1537488000,71.2,71.23,70.64,70.72,4119431.0
1537747200,70.77,70.855,70.26,70.37,1649885.0
1537833600,70.23,71.24,70.08,71.2,3131064.0
1537920000,71.47,71.61,70.7872,70.88,2836673.0
1538006400,70.8,71.26,70.17,70.32,1698781.0
1538092800,70.15,71.08,70.0788,71.04,2437718.0
1538352000,71.36,71.77,70.57,70.7,2341562.0
1538438400,70.84,71.09,70.55,70.96,2620161.0
1538524800,71.16,71.51,70.975,71.06,2438169.0
1538611200,71.1,71.3,70.53,71.11,2691657.0
1538697600,71.03,71.21,70.41,70.67,2220772.0
1538956800,70.81,71.2864,70.43,71.03,2551480.0
1539043200,71.09,72.02,70.95,71.83,3643286.0
1539129600,70.59,71.0,68.48,68.52,6340805.0
1539216000,68.1,68.68,66.76,66.97,5592787.0
1539302400,67.48,67.91,65.8,66.86,4845637.0
1539561600,66.79,67.23,66.22,66.24,2893284.0
1539648000,68.1,70.34,67.95,70.27,5629921.0
1539734400,70.33,70.87,69.53,70.63,3182808.0
1539820800,70.43,72.72,70.43,71.8,4934991.0
1539907200,71.05,71.29,70.28,70.55,4438056.0
1540166400,70.78,71.18,70.0125,70.26,3508993.0
1540252800,69.29,70.0,68.68,69.44,4214724.0
1540339200,69.24,69.8,67.62,67.74,3564268.0
1540425600,68.12,69.62,67.89,68.96,2562225.0
1540512000,68.33,68.76,67.48,68.11,2597400.0
1540771200,68.94,69.95,68.09,68.87,2259389.0
1540857600,69.13,70.03,68.4,69.79,2701233.0
1540944000,70.16,70.59,69.65,69.7,3703342.0
1541030400,69.18,69.55,68.21,69.04,5145206.0
1541116800,69.62,70.09,67.95,68.38,3448685.0
1541376000,68.61,69.95,68.53,69.73,2218627.0
1541462400,69.62,70.14,69.44,69.78,2174411.0
1541548800,71.45,73.69,71.26,73.12,4782692.0
1541635200,72.74,73.61,72.73,73.46,2494913.0
1541721600,73.32,73.65,72.91,73.19,2344656.0
1541980800,73.18,73.44,71.77,71.9,1985522.0
1542067200,71.73,72.28,71.15,71.59,3227530.0
1542153600,69.33,69.5,64.69,64.8,8984659.0
1542240000,64.51,66.31,64.51,66.3,6524527.0
1542326400,66.0,66.84,65.72,66.34,3799068.0
1542585600,66.67,66.715,64.43,65.01,4328262.0
1542672000,64.17,65.12,63.35,64.38,6430266.0
1542758400,64.38,64.6908,63.67,63.69,3361487.0
1542931200,63.16,63.46,62.87,62.95,1350545.0
1543190400,63.45,63.68,62.985,63.23,3406975.0
1543276800,63.04,63.44,61.48,61.89,3947134.0
1543363200,62.14,64.25,62.14,64.25,4633159.0
1543449600,63.8,65.53,63.76,65.19,3903173.0
1543536000,65.09,66.41,65.03,66.29,5104762.0
1543795200,67.19,67.56,65.655,66.81,5428319.0
1543881600,66.78,66.88,64.42,64.63,4625947.0
1544054400,63.66,64.93,62.53,64.83,4231066.0
1544140800,64.56,65.39,63.09,63.42,3469577.0
1544400000,63.2,64.13,61.79,63.65,5100435.0
1544486400,64.89,65.3,62.97,63.47,4215283.0
1544572800,64.42,65.16,63.98,64.06,3924840.0
1544659200,64.01,64.31,62.555,63.15,3194862.0
1544745600,62.43,62.84,61.77,62.0,3577061.0
1545004800,61.89,62.1,60.79,61.07,4626182.0
1545091200,61.39,61.92,60.461,61.08,3632106.0
1545177600,61.28,62.89,60.55,60.87,3960990.0
1545264000,60.27,60.78,59.22,59.8,3566153.0
1545350400,59.63,61.46,59.225,59.42,7326999.0
1545609600,58.77,59.24,57.07,57.07,2232490.0
1545782400,57.16,59.39,56.71,59.33,2956338.0
1545868800,58.56,60.21,57.98,60.2,3124768.0
1545955200,60.33,60.79,59.41,59.65,2690410.0
1546214400,60.07,60.34,59.68,60.33,2420558.0
1546387200,59.28,59.74,58.77,59.23,4153239.0
1546473600,58.96,59.51,58.1,58.23,3889160.0
1546560000,59.05,60.04,58.82,59.56,2717774.0
1546819200,59.4,60.62,59.2,60.04,3065337.0
1546905600,60.73,61.38,59.959,60.73,2822617.0
1546992000,61.48,62.08,61.19,61.3,4301697.0
1547078400,61.18,61.99,60.735,61.97,2039575.0
1547164800,61.57,61.81,60.84,61.68,1773854.0
1547424000,61.31,61.96,61.13,61.58,2112942.0
1547510400,61.47,62.2,61.4488,62.03,1821217.0
1547596800,62.28,62.65,61.84,62.6,2555058.0
1547683200,62.33,63.305,62.25,63.25,2939481.0
1547769600,63.6,64.62,63.06,64.42,3817593.0
1548115200,64.07,64.51,62.96,63.29,4355263.0
1548201600,62.9,65.22,62.65,64.99,5317730.0
1548288000,64.58,65.26,64.14,65.24,3964516.0
1548374400,65.79,65.82,64.83,65.3,3193279.0
1548633600,65.04,65.28,64.7,65.2,2943567.0
1548720000,65.23,65.855,65.2,65.81,4549806.0
1548806400,65.97,66.955,65.495,66.75,4128236.0
1548892800,66.62,67.365,66.47,67.29,5243781.0
1548979200,65.26,65.86,64.7,65.8,3895015.0
1549238400,65.6,66.04,65.16,66.03,2550158.0
1549324800,66.17,66.75,65.98,66.53,3134786.0
1549411200,66.49,67.66,66.23,67.57,3163639.0
1549497600,67.23,67.88,66.98,67.72,3058563.0
1549584000,67.3,68.37,67.21,68.36,2564102.0
1549843200,68.46,69.22,68.02,69.16,3861622.0
1549929600,69.56,70.02,69.25,69.3,4762717.0
1550016000,70.0,71.0,69.685,70.8,4510040.0
1550102400,70.31,71.08,69.8139,70.71,5961959.0
1550188800,71.4,71.77,71.05,71.26,4789684.0
1550534400,71.22,72.05,71.1731,71.81,3478498.0
1550620800,72.05,72.48,71.685,72.48,5379344.0
1550707200,72.48,72.69,71.83,72.11,4250968.0
1550793600,72.24,72.51,71.96,72.27,2749937.0
1551052800,72.53,72.93,72.1,72.73,2661005.0
1551139200,72.41,72.95,72.17,72.32,2847116.0
1551225600,72.16,72.98,72.07,72.71,2498993.0
1551312000,72.8,73.42,72.58,72.9,3639372.0
1551398400,73.44,73.775,72.68,73.02,3265266.0
1551657600,73.08,73.69,72.06,72.71,2499747.0
1551744000,72.77,72.975,72.39,72.5,1722966.0
1551830400,72.58,72.82,71.83,71.91,2215298.0
1551916800,71.92,72.55,71.49,72.22,3048393.0
1552003200,71.72,72.43,71.7,72.27,2436553.0
1552262400,72.49,72.925,72.295,72.85,1901728.0
1552348800,73.0,73.73,72.93,73.58,3428437.0
1552435200,73.24,73.3,72.22,72.32,3830173.0
1552521600,72.31,73.009,71.95,72.86,2334406.0
1552608000,72.63,73.66,72.52,73.61,8243442.0
1552867200,73.55,73.69,72.91,73.06,4090187.0
1552953600,73.38,73.45,72.21,72.4,3381665.0
1553040000,72.43,72.77,71.885,72.01,2620510.0
1553126400,71.66,73.3,71.57,73.13,2090727.0
1553212800,72.71,73.42,72.625,72.78,2576615.0
1553472000,72.8,73.1,72.505,72.72,1950956.0
1553558400,73.11,73.2,72.51,73.18,2304923.0
1553644800,73.06,73.38,72.34,72.71,2967196.0
1553731200,72.83,73.05,71.71,72.42,1820740.0
1553817600,72.88,72.91,72.01,72.09,4400387.0
1554076800,72.65,73.05,72.39,72.76,2483097.0
1554163200,72.77,72.92,72.37,72.69,1537958.0
1554249600,72.98,73.13,71.99,73.03,2787404.0
1554336000,73.11,73.12,72.45,72.53,1454034.0
1554422400,72.67,73.06,72.38,72.7,1719501.0
1554681600,72.39,72.54,71.45,72.01,2220952.0
1554768000,71.63,71.97,71.385,71.53,1937951.0
1554854400,71.77,72.15,71.4,72.07,1716950.0
1554940800,72.33,72.48,71.455,71.77,2657252.0
1555027200,72.13,72.645,71.96,72.61,2086256.0
1555286400,72.6,72.99,72.13,72.26,2729443.0
1555372800,74.25,77.3,74.22,77.26,6384975.0
1555459200,77.25,77.34,75.94,76.16,3274160.0
1555545600,76.17,76.47,74.92,75.0,3057069.0
1555891200,74.63,74.83,74.26,74.56,1931381.0
1555977600,74.65,75.83,74.355,75.69,2645210.0
1556064000,75.67,75.8,74.98,75.07,1927720.0
1556150400,75.0,75.85,74.555,75.6,2209632.0
1556236800,75.73,76.2,75.5,76.19,1791503.0
1556496000,76.44,77.3048,76.4,77.11,2182965.0
1556582400,77.18,78.21,76.835,78.15,2568664.0
1556668800,78.1,78.585,76.79,76.91,3305966.0
1556755200,77.15,77.19,75.21,75.56,3902398.0
1556841600,75.91,76.0,73.94,74.43,4016064.0
1557100800,73.43,74.54,73.4,74.24,4413238.0
1557187200,73.76,74.1,72.631,72.79,3665900.0
1557273600,72.54,73.84,72.36,73.52,3971289.0
1557360000,73.08,73.23,72.59,72.85,2415563.0
1557446400,72.5,73.59,71.83,73.43,1851624.0
1557705600,72.28,72.63,71.61,72.54,3182582.0
1557792000,72.6,74.57,72.6,73.64,3011188.0
1557878400,74.18,77.78,73.83,77.5,5317067.0
1557964800,77.61,78.448,77.36,77.85,2772919.0
1558051200,77.27,78.46,77.0254,77.72,2196750.0
1558310400,77.65,78.32,77.27,78.3,2238172.0
1558396800,78.65,80.35,78.65,80.07,3842253.0
1558483200,80.06,80.53,79.74,80.45,2467716.0
1558569600,79.98,80.08,79.27,79.71,2846293.0
1558656000,80.11,80.63,79.845,80.22,4398356.0
1559001600,80.33,81.0,79.23,79.49,3429413.0
1559088000,79.19,80.0,78.39,79.94,2663392.0
1559174400,80.14,80.415,79.79,80.14,1622889.0
1559260800,79.55,80.06,78.95,79.28,2245604.0
1559520000,79.28,80.06,78.85,79.83,2792690.0
1559606400,80.6,81.85,80.25,81.82,4058283.0
1559692800,81.88,83.58,81.82,83.34,3922307.0
1559779200,83.35,83.51,82.64,83.15,2602848.0
1559865600,83.35,84.3,83.04,83.18,2059706.0
1560124800,83.44,83.6,82.36,82.59,2111569.0
1560211200,83.25,83.56,82.31,82.57,2124189.0
1560297600,82.99,83.0,80.78,81.13,2914703.0
1560384000,81.32,82.0,81.01,81.64,1801762.0
1560470400,81.44,82.17,81.06,81.96,1991883.0
1560729600,82.23,82.33,81.34,81.46,2082640.0
1560816000,81.76,81.835,81.12,81.33,1730802.0
1560902400,81.38,81.975,81.09,81.74,1696207.0
1560988800,82.05,82.37,81.29,81.87,2697953.0
1561075200,82.0,82.3982,80.12,80.12,5146832.0
1561334400,80.55,80.99,80.3,80.36,2266895.0
1561420800,80.38,80.57,79.47,79.56,3015463.0
1561507200,79.9,80.4,78.5,78.59,3561066.0
1561593600,79.07,79.84,78.71,79.69,2783641.0
1561680000,80.12,80.48,79.51,79.93,7799636.0
1561939200,80.94,81.79,80.08,81.75,2528754.0
1562025600,81.69,83.24,81.69,82.64,2523962.0
1562112000,82.87,83.92,82.7668,83.65,1678385.0
1562284800,83.63,84.195,83.27,83.99,1875762.0
1562544000,83.84,84.15,83.46,83.62,2017776.0
1562630400,83.33,83.91,82.86,83.48,1962314.0
1562716800,83.62,84.09,82.8,83.43,2336936.0
1562803200,83.42,83.86,82.65,83.75,1557259.0
1562889600,84.11,84.41,83.27,84.39,1418381.0
1563148800,84.49,84.96,83.79,83.97,2158855.0
1563235200,84.22,84.4,83.68,84.12,3254202.0
1563321600,82.0,82.22,79.86,80.2,6544120.0
1563408000,80.05,81.19,79.86,81.19,3402926.0
1563494400,81.27,81.35,79.95,79.98,3127201.0
1563753600,80.03,81.67,79.95,81.02,3037547.0
1563840000,80.78,80.93,79.64,80.56,2887170.0
1563926400,80.56,81.1,79.525,81.02,2227911.0
1564012800,79.51,81.69,79.4,81.18,1951186.0
1564099200,81.12,81.74,80.71,81.7,1273166.0
1564358400,81.86,82.4,80.81,81.2,2015511.0
1564444800,80.91,81.4,80.585,80.71,1317631.0
1564531200,81.12,81.77,80.48,80.98,2453863.0
1564617600,81.0,81.24,79.97,80.12,2608047.0
1564704000,80.13,80.7,79.46,79.76,1648813.0
1564963200,78.77,79.27,77.03,77.34,2660480.0
1565049600,77.5,79.57,77.16,79.55,2303949.0
1565136000,78.72,79.21,77.22,78.47,2368137.0
1565222400,78.86,80.05,78.2325,79.83,2641014.0
1565308800,79.84,81.11,79.62,80.6,2636365.0
1565568000,80.3,80.805,78.51,79.02,2081845.0
1565654400,78.58,80.02,78.41,79.46,3195597.0
1565740800,78.0,79.345,75.08,75.58,5660071.0
1565827200,75.83,77.27,75.14,77.04,2957411.0
1565913600,77.64,78.07,77.14,77.49,1894149.0
1566172800,78.73,78.73,77.87,77.91,1588743.0
1566259200,77.75,77.75,76.66,76.73,2824681.0
1566345600,77.46,77.665,77.02,77.3,1523907.0
1566432000,77.56,78.15,76.71,77.07,2328653.0
1566518400,76.96,77.97,74.67,75.15,2249396.0
1566777600,75.63,75.9,74.68,75.79,1844876.0
1566864000,76.24,76.465,74.96,74.96,2315081.0
1566950400,74.69,75.24,74.28,74.86,1621055.0
1567036800,75.28,76.08,74.85,75.79,3340438.0
1567123200,76.47,76.8,75.24,75.8,1897142.0
1567468800,75.11,76.21,74.91,75.62,2024337.0
1567555200,75.98,76.42,75.71,76.26,1441673.0
1567641600,77.11,77.6,76.328,76.53,3631125.0
1567728000,76.73,77.86,76.54,77.39,2509288.0
1567987200,77.98,77.98,76.7,76.74,1738250.0
1568073600,76.74,76.76,75.4,76.13,2869020.0
1568160000,76.08,76.46,75.61,76.28,1997953.0
1568246400,76.76,77.485,76.215,76.98,2226820.0
1568332800,73.51,73.91,71.1664,72.68,1.3251865E7
1568592000,72.68,73.83,72.31,73.4,3769054.0
1568678400,73.53,74.21,73.21,74.02,3757919.0
1568764800,74.21,75.21,73.51,75.18,3634426.0
1568851200,75.11,76.1956,74.92,75.78,3504013.0
1568937600,75.91,76.61,75.23,76.01,5368935.0
1569196800,75.61,76.62,75.6,76.38,3192991.0
1569283200,76.68,77.32,75.95,76.56,4437688.0
1569369600,76.71,77.11,75.71,76.91,2940260.0
1569456000,76.95,77.235,76.58,77.03,4500720.0
1569542400,77.29,77.46,76.42,77.1,4643734.0
1569801600,77.27,77.74,76.73,77.25,2892708.0
1569888000,77.59,77.8299,75.76,75.93,2926886.0
1569974400,75.58,75.93,74.55,74.99,3667723.0
1570060800,75.06,75.545,74.63,75.39,2444682.0
1570147200,75.49,77.05,75.45,76.9,1959203.0
1570406400,76.74,76.79,75.67,75.76,2133997.0
1570492800,75.3,75.51,74.37,74.4,2995245.0
1570579200,75.0,75.18,74.58,75.01,2128714.0
1570665600,74.92,75.72,74.7,74.76,2945870.0
1570752000,75.34,76.09,75.17,75.22,3625820.0
1571011200,75.19,75.935,75.0,75.71,1375982.0
1571097600,75.87,75.97,74.72,74.97,3860917.0
1571184000,71.02,73.47,69.38,72.87,7430927.0
1571270400,73.54,73.85,71.235,71.47,6074818.0
1571356800,71.34,71.64,70.18,70.2,3872131.0
1571616000,70.48,70.54,69.67,70.0,4944524.0
1571702400,69.79,70.12,68.29,68.77,4383565.0
1571788800,68.82,69.26,67.945,68.4,3884756.0
1571875200,68.63,70.08,68.47,69.59,4214120.0
1571961600,69.66,69.76,69.06,69.3,1993126.0
1572220800,69.38,69.62,68.68,68.82,2213206.0
1572307200,68.55,69.91,68.55,69.79,2834407.0
1572393600,69.72,69.72,68.6,69.38,2780330.0
1572480000,69.17,69.75,68.95,69.7,2400195.0
1572566400,70.12,70.21,69.13,69.78,2268011.0
1572825600,70.22,70.33,68.75,68.82,3056669.0
1572912000,68.99,69.65,68.86,68.9,4109979.0
1572998400,69.01,71.115,68.91,70.93,3513210.0
1573084800,71.11,72.78,71.04,72.56,8525225.0
1573171200,72.38,74.04,72.38,73.67,5196906.0
1573430400,73.17,73.77,72.8,73.73,2722609.0
1573516800,73.7,74.47,73.56,74.46,4094974.0
1573603200,72.96,73.39,71.67,71.67,4803309.0
1573689600,71.5,73.01,71.3303,72.95,3657354.0
1573776000,73.14,73.36,72.52,72.9,3052139.0
1574035200,71.67,72.47,70.58,71.23,3978033.0
1574121600,71.74,72.03,70.955,71.56,3054618.0
1574208000,71.28,71.53,70.41,70.53,3507975.0
1574294400,70.82,70.82,69.13,70.09,3680988.0
1574380800,70.11,71.0,69.9,70.83,2378774.0
1574640000,71.14,71.74,70.93,71.5,2746433.0
1574726400,71.4,73.06,71.18,72.94,6613940.0
1574812800,73.17,73.57,72.9,73.14,1955497.0
1574985600,73.12,73.4,72.75,73.05,1077361.0
1575244800,73.21,73.21,71.645,71.65,2583053.0
1575331200,71.09,71.36,70.44,70.65,2652688.0
1575417600,70.56,72.025,70.36,71.84,2932097.0
1575504000,72.03,72.52,71.74,72.44,3500595.0
1575590400,72.7,73.15,72.5,72.98,2932768.0
1575849600,72.98,73.52,72.69,73.34,3267703.0
1575936000,73.46,73.77,72.74,72.85,3023391.0
1576022400,69.16,71.19,69.03,71.16,7803983.0
1576108800,71.16,73.08,71.01,72.69,3925806.0
1576195200,72.47,73.41,71.63,72.17,3289001.0
1576454400,71.36,71.68,70.43,71.1,4387838.0
1576540800,71.01,72.26,71.0,72.0,5011797.0
1576627200,72.25,72.47,71.23,71.3,2604564.0
1576713600,71.21,71.55,70.79,71.11,2985383.0
1576800000,72.36,73.56,71.395,71.76,5417782.0
1577059200,71.86,71.91,71.1686,71.69,2831895.0
1577145600,71.86,72.02,71.62,71.87,778163.0
1577318400,71.76,71.855,71.45,71.73,1612925.0
1577404800,71.93,72.42,71.63,72.15,1570626.0
1577664000,72.22,72.35,71.86,72.32,1298765.0
1577750400,72.32,72.71,71.9,72.39,1724537.0
1577923200,73.92,74.35,73.26,74.33,2880738.0
1578009600,73.52,74.78,73.28,74.32,4155795.0
1578268800,73.89,75.72,73.83,75.67,5897171.0
1578355200,73.0,73.12,72.16,72.76,4868088.0
1578441600,72.92,73.96,72.87,73.19,4073671.0
1578528000,73.5,73.94,73.19,73.94,2199516.0
1578614400,74.0,74.125,73.45,73.7,3650687.0
1578873600,73.7,74.93,73.7,74.92,3795912.0
1578960000,74.82,75.0,74.02,74.25,3191356.0
1579046400,74.19,75.97,74.04,75.72,4078695.0
1579132800,75.81,75.97,74.93,75.44,3180912.0
1579219200,76.04,76.99,75.9,76.3,4265100.0
1579564800,76.04,76.715,75.85,76.43,2686693.0
1579651200,76.58,77.17,76.15,76.16,2167308.0
1579737600,75.71,76.37,75.23,76.33,2190011.0
1579824000,76.51,76.86,76.2909,76.75,1695144.0
1580083200,75.77,76.4432,75.49,75.77,2490018.0
1580169600,76.07,76.73,75.89,76.45,4004074.0
1580256000,80.2,81.24,78.28,80.81,5230497.0
1580342400,79.74,81.87,78.95,81.77,4016651.0
1580428800,81.53,82.29,80.495,80.69,6531323.0
1580688000,81.13,82.07,80.35,80.57,2745540.0
1580774400,81.31,81.63,80.6,80.92,2166868.0
1580860800,81.6,83.0,81.37,83.0,2184470.0
1580947200,83.03,83.765,82.73,83.06,2804962.0
1581033600,83.0,83.66,82.67,83.26,2211883.0
1581292800,83.28,83.75,83.2,83.59,1512479.0
1581379200,83.6,84.06,83.33,83.66,2709365.0
1581465600,83.8,83.83,82.12,83.24,2887747.0
1581552000,83.2,83.9477,82.855,83.86,1689711.0
1581638400,83.86,84.09,83.33,83.77,1709113.0
1581984000,83.78,84.2,83.009,83.4,2719993.0
1582070400,81.73,83.3,80.99,81.42,4417545.0
1582156800,80.72,81.61,80.52,80.84,2835614.0
1582243200,80.62,81.72,80.26,81.46,2730523.0
1582502400,80.15,81.25,79.71,80.97,3660376.0
1582588800,80.93,81.03,79.58,80.0,4476323.0
1582675200,80.41,81.525,79.46,79.65,3293675.0
1582761600,79.14,79.91,76.23,76.28,3188236.0
1582848000,74.88,75.93,71.65,73.16,7029908.0
1583107200,73.6,78.91,73.59,78.88,4671555.0
1583193600,78.69,79.97,76.21,77.24,3930595.0
1583280000,78.03,81.2,77.8,81.05,3717090.0
1583366400,78.78,80.97,78.52,80.54,4157784.0
1583452800,77.93,80.98,77.62,80.52,4836079.0
1583712000,75.42,77.48,73.4,75.29,6472611.0
1583798400,77.26,78.0,74.6,77.96,4653636.0
1583884800,75.54,75.655,73.24,75.11,5388130.0
1583971200,69.77,73.35,68.13,69.62,7255090.0
1584057600,73.43,78.14,71.01,78.07,5919198.0
1584316800,67.52,75.045,66.59,73.0,5809895.0
1584403200,75.11,78.64,72.925,77.29,6868752.0
1584489600,73.28,74.688,68.795,72.15,4979201.0
1584576000,71.35,71.75,66.22,67.04,6030089.0
1584662400,67.2,71.87,65.19,68.28,6943398.0
1584921600,67.0,68.73,62.18,66.55,5880342.0
1585008000,70.17,71.89,67.12,69.04,5913125.0
1585094400,68.99,72.78,68.11,69.95,4536418.0
1585180800,70.86,76.6,70.11,75.82,4861681.0
1585267200,72.77,74.74,71.6,73.54,4481936.0
1585526400,74.17,76.83,73.12,76.18,4367625.0
1585612800,75.39,75.8,73.36,73.84,3865774.0
1585699200,71.36,73.1,70.725,72.36,4397332.0
1585785600,71.87,77.54,71.74,76.56,3836411.0
1585872000,76.23,76.75,74.922,75.94,2745934.0
1586131200,77.75,78.43,74.08,75.99,4435294.0
1586217600,77.88,78.6,75.41,75.6,4580982.0
1586304000,76.1,78.55,74.64,77.81,4076358.0
1586390400,78.91,80.76,78.12,80.39,4811819.0
1586736000,80.0,80.0,76.87,77.1,2625311.0
1586822400,79.07,81.45,78.72,80.47,2912498.0
1586908800,74.31,80.085,72.68,79.25,3223844.0
1586995200,79.12,79.84,77.88,79.09,2877770.0
1587081600,81.03,82.91,79.2607,82.5,3507681.0
1587340800,81.68,82.2,80.87,81.94,2881678.0
1587427200,80.04,82.52,79.77,81.25,4441940.0
1587513600,82.54,82.84,81.535,82.49,2323866.0
1587600000,82.73,82.73,81.19,81.61,2667675.0
1587686400,82.18,82.97,80.88,82.87,2439619.0
1587945600,83.0,83.3,82.24,82.96,5399643.0
1588032000,83.59,83.83,80.97,81.14,3263959.0
1588118400,81.76,81.76,79.32,79.8,4780564.0
1588204800,78.8,79.38,76.86,77.3,3852553.0
1588291200,76.4,77.16,75.51,76.18,2869109.0
1588550400,75.87,76.07,74.81,75.85,2928818.0
1588636800,76.03,78.59,76.03,78.04,2475826.0
1588723200,78.61,78.8,75.92,76.19,2548699.0
1588809600,77.0,77.5,74.19,74.93,3725317.0
1588896000,75.75,75.93,73.93,74.27,4333816.0
1589155200,73.65,74.04,73.015,73.17,2808299.0
1589241600,73.36,73.515,71.6,72.19,3300758.0
1589328000,71.82,73.51,71.25,72.76,3968678.0
1589414400,72.27,73.85,71.92,73.74,4001810.0
1589500800,73.61,76.44,72.71,76.21,5593003.0
1589760000,77.32,77.83,75.63,76.62,3360503.0
1589846400,76.1,77.86,75.83,75.87,2610530.0
1589932800,76.42,76.75,74.65,74.89,2902941.0
1590019200,74.52,75.455,72.71,75.02,3899842.0
1590105600,75.16,75.74,74.27,74.72,2165979.0
1590451200,75.9,76.365,73.66,74.13,5212724.0
1590537600,75.32,77.32,74.065,76.47,4687927.0
1590624000,77.32,77.46,75.91,76.59,2613762.0
1590710400,76.77,77.88,76.45,77.68,4412423.0
1590969600,77.75,78.88,77.22,78.34,1749282.0
1591056000,78.57,79.28,78.29,79.08,2205154.0
1591142400,79.83,79.83,78.3,79.11,2288448.0
1591228800,78.59,78.97,77.57,78.8,2766445.0
1591315200,80.33,82.7,78.78,81.87,3837965.0
1591574400,81.53,81.69,80.49,81.51,3052283.0
1591660800,81.0,81.56,80.2,81.02,2468568.0
1591747200,80.81,81.835,79.94,80.28,2413791.0
1591833600,78.77,79.18,75.82,75.92,3302477.0
1591920000,77.41,78.27,75.0,76.6,2344430.0
1592179200,75.38,79.51,75.25,79.29,3258666.0
1592265600,81.19,81.6,78.91,80.43,3456165.0
1592352000,80.82,81.26,79.151,79.21,2714127.0
1592438400,78.91,81.65,78.59,80.87,2863510.0
1592524800,83.16,83.16,79.89,80.99,4509782.0
1592784000,80.54,81.725,80.28,80.82,1869976.0
1592870400,81.52,81.93,79.98,80.06,1786390.0
1592956800,79.39,79.68,77.18,77.29,3611633.0
1593043200,77.41,79.97,77.26,79.9,2242569.0
1593129600,79.18,80.29,77.35,77.89,3733595.0
1593388800,78.12,79.26,77.875,78.4,2806329.0
1593475200,78.5,80.5,78.41,80.11,2597997.0
1593561600,79.96,80.8,79.64,79.8,2970042.0
1593648000,80.49,80.49,78.8,79.23,2493819.0
1593993600,80.19,80.49,79.19,79.42,2312855.0
1594080000,79.1,79.25,77.72,78.02,2559719.0
1594166400,78.06,78.5,76.32,77.37,3326515.0
1594252800,77.38,77.97,76.16,77.79,2764986.0
1594339200,78.27,80.96,78.25,80.76,2313792.0
1594598400,80.92,81.32,79.6802,80.33,2266415.0
1594684800,80.63,84.51,80.45,84.5,6820732.0
1594771200,85.0,86.49,84.35,85.89,3965169.0
1594857600,85.85,87.59,85.72,87.11,2652358.0
1594944000,87.36,87.76,86.39,87.63,2659045.0
1595203200,87.7,88.41,87.43,88.13,1825413.0
1595289600,88.05,89.39,88.05,88.85,1712591.0
1595376000,89.15,90.22,88.52,90.14,1789059.0
1595462400,89.97,90.72,88.34,88.64,1999907.0
1595548800,88.86,89.165,87.51,87.86,2204357.0
1595808000,87.84,88.3,86.8,87.3,2060079.0
1595894400,87.53,87.83,86.66,87.42,2470202.0
1595980800,87.01,89.26,87.01,88.92,1880520.0
1596067200,87.89,89.325,87.68,88.52,2119893.0
1596153600,88.2,90.41,88.11,90.34,4016496.0
1596412800,90.7,91.23,89.65,89.89,2134399.0
1596499200,89.58,90.47,89.43,90.25,2198087.0
1596585600,91.03,91.81,90.555,90.62,2446491.0
1596672000,90.7,91.38,88.91,89.61,2514610.0
1596758400,89.31,90.77,89.31,90.73,1735406.0
1597017600,90.99,91.14,89.71,90.12,2410688.0
1597104000,90.93,91.12,88.87,89.02,2468168.0
1597190400,90.03,90.48,88.72,89.01,2058888.0
1597276800,88.38,89.05,87.93,89.04,1994849.0
1597363200,89.0,89.5572,88.6,88.97,1731176.0
1597622400,88.55,89.78,88.47,88.83,1709131.0
1597708800,88.96,89.96,88.9,89.74,1510248.0
1597795200,90.16,91.02,89.95,90.41,2728041.0
1597881600,90.28,91.05,90.09,90.84,1663186.0
1597968000,91.22,91.9941,90.81,91.82,2085578.0
1598227200,92.0,92.34,91.43,92.0,2535029.0
1598313600,92.45,93.03,91.72,92.77,2443850.0
1598400000,92.07,92.735,91.52,92.17,1603644.0
1598486400,92.49,93.9,92.49,93.31,1407342.0
1598572800,93.68,93.82,93.115,93.68,1425815.0
1598832000,93.71,95.35,93.1,95.04,2169154.0
1598918400,94.8,95.29,93.075,93.87,2426199.0
1599004800,94.11,95.365,93.2501,95.0,1774056.0
1599091200,95.59,96.2,92.66,93.29,2378030.0
1599177600,93.99,95.05,92.425,92.94,2059469.0
1599523200,93.09,93.09,90.625,91.81,2398180.0
1599609600,92.34,95.4096,92.34,94.67,1826886.0
1599696000,94.47,95.59,94.15,94.35,1912046.0
1599782400,94.3,95.67,94.18,94.98,1494686.0
1600041600,95.68,96.58,95.37,96.26,1838728.0
1600128000,96.37,96.9,94.94,95.08,1764153.0
1600214400,95.89,96.25,95.05,95.08,1808456.0
1600300800,94.39,95.99,93.81,95.43,2322295.0
1600387200,95.12,97.52,94.94,96.86,3894584.0
1600646400,95.69,97.38,95.36,97.36,2740777.0
1600732800,96.71,97.81,93.48,94.42,2923131.0
1600819200,94.44,94.7,91.14,91.19,2881259.0
1600905600,91.73,92.91,90.89,92.2,1810422.0
1600992000,91.32,92.82,91.2,92.6,1676776.0
1601251200,93.56,94.965,93.25,93.98,1826941.0
1601337600,94.13,94.77,93.59,94.15,1744740.0
1601424000,94.375,94.99,93.49,94.67,3119620.0
1601510400,95.08,95.44,92.72,93.46,2006342.0
1601596800,92.87,95.3,92.4,94.21,1586944.0
1601856000,95.18,96.075,94.28,95.98,1325172.0
1601942400,96.1,96.38,94.45,95.12,1971317.0
1602028800,95.25,97.0,95.25,96.41,2305569.0
1602115200,96.79,98.02,96.31,97.97,1392953.0
1602201600,98.04,99.9,97.68,99.88,1919552.0
1602460800,99.99,101.51,99.48,101.38,2081191.0
1602547200,101.35,102.05,99.96,100.27,2206865.0
1602633600,100.57,102.0,99.56,99.65,2107837.0
1602720000,96.14,99.06,96.0135,97.51,2740769.0
1602806400,98.18,98.18,96.17,96.52,2815676.0
1603065600,97.45,97.8,95.48,95.78,1459949.0
1603152000,96.42,96.73,94.23,94.59,1934682.0
1603238400,94.85,95.78,93.33,93.6,2098530.0
1603324800,93.35,95.215,92.87,94.39,1918242.0
1603411200,94.56,95.17,94.315,94.62,1562571.0
1603670400,93.88,94.51,92.58,93.84,1699973.0
1603756800,93.92,94.8,93.55,93.8,1505476.0
1603843200,92.5,93.49,91.14,91.57,1978500.0
1603929600,91.52,91.98,90.08,91.06,2176823.0
1604016000,90.97,92.09,90.11,91.9,2205577.0
1604275200,93.09,94.66,92.58,94.4,1913922.0
1604361600,94.68,96.18,94.16,94.47,2678690.0
1604448000,94.01,97.54,94.01,95.86,2979399.0
1604534400,96.82,98.04,96.02,97.29,2268511.0
1604620800,97.91,98.48,96.53,97.91,1976843.0
1604880000,99.82,100.34,90.37,90.39,5748834.0
1604966400,90.82,93.37,88.67,92.65,4402526.0
1605052800,93.2,94.18,92.09,92.72,2612707.0
1605139200,93.09,94.83,92.33,94.68,2740321.0
1605225600,95.0,95.96,94.53,95.66,2018875.0
1605484800,94.96,96.24,94.96,95.9,2291244.0
1605571200,95.1,95.64,93.75,94.93,2272625.0
1605657600,94.69,95.45,93.88,94.45,1942011.0
1605744000,93.56,94.89,93.01,94.27,2129648.0
1605830400,94.5,95.03,92.84,93.14,2562339.0
1606089600,93.13,93.49,92.03,92.93,2492601.0
1606176000,91.08,91.5,87.46,88.63,5955151.0
1606262400,88.75,89.46,88.03,89.4,2250170.0
1606435200,88.89,89.465,87.21,88.43,1113468.0
1606694400,88.5,88.66,86.22,87.11,4022304.0
1606780800,87.85,89.21,87.63,89.16,3097981.0
1606867200,89.95,90.94,88.78,89.2,2524509.0
1606953600,88.61,89.3,87.78,88.3,3240665.0
1607040000,88.29,89.6,87.545,89.52,2229099.0
1607299200,90.51,91.32,89.44,90.25,3141846.0
1607385600,88.91,94.4,88.7,92.84,4211786.0
1607472000,92.32,93.93,92.12,93.6,2833617.0
1607558400,93.57,94.62,92.72,94.2,3402719.0
1607644800,93.84,95.06,93.84,94.39,1968103.0
1607904000,94.63,96.06,94.09,94.1,2430163.0
1607990400,94.61,96.71,94.5,96.69,2836333.0
1608076800,97.17,98.03,95.64,96.36,2309920.0
1608163200,96.66,98.56,96.12,96.31,3615392.0
1608249600,96.36,97.26,95.66,96.95,5330301.0
1608508800,96.84,98.07,95.68,97.94,2486158.0
1608595200,97.7,98.66,97.54,97.99,1751030.0
1608681600,98.68,98.85,97.33,97.51,3062721.0
1608768000,97.4,98.46,97.265,98.31,724657.0
1609113600,98.72,98.96,97.2,98.12,1338798.0
1609200000,98.49,98.94,97.58,97.69,1221706.0
1609286400,98.29,98.5,97.3,97.41,1477859.0
1609372800,97.82,98.94,97.25,98.88,1440170.0
1609718400,97.58,98.22,95.93,97.13,2485336.0
1609804800,97.44,97.63,95.21,96.95,2623234.0
1609891200,96.6,98.91,96.0,98.79,2833646.0
1609977600,94.54,95.33,94.09,94.74,2698279.0
1610064000,92.99,94.85,92.8366,94.5,1685399.0
1610323200,94.21,95.13,93.87,95.09,1759696.0
1610409600,94.87,96.04,94.54,95.07,2090188.0
1610496000,95.08,95.51,94.42,94.93,2072529.0
1610582400,95.31,95.61,93.36,93.45,1602326.0
1610668800,93.45,95.01,92.87,94.8,3053270.0
1611014400,95.0,97.145,94.25,96.19,3463315.0
1611100800,95.94,96.85,95.33,96.06,1474935.0
1611187200,96.15,96.64,94.26,94.26,1695304.0
1611273600,94.0,94.27,92.3,92.31,2688327.0
1611532800,92.27,93.59,91.38,92.42,3119588.0
1611619200,92.53,92.83,91.14,91.72,2595764.0
1611705600,90.79,91.33,86.71,87.04,4866917.0
1611792000,87.52,89.7,86.8,88.49,6292494.0
1611878400,88.18,89.07,86.72,87.19,4756746.0
1612137600,87.49,88.12,85.47,86.19,5151698.0
1612224000,86.94,88.27,86.55,86.75,3261257.0
1612310400,86.17,87.09,85.88,86.96,2726316.0
1612396800,86.95,88.22,86.31,88.14,3279967.0
1612483200,88.33,88.95,87.45,87.47,2216318.0
1612742400,87.92,88.02,85.9,86.17,3958323.0
1612828800,86.44,86.855,85.33,86.27,4551510.0
1612915200,86.79,86.97,85.04,85.53,3265321.0
1613001600,85.61,86.75,85.13,86.37,2475761.0
1613088000,86.0,86.62,85.75,86.27,2326852.0
1613433600,86.5,87.16,84.89,85.13,3846903.0
1613520000,85.08,86.43,85.08,86.25,4094048.0
1613606400,86.28,88.52,86.01,88.1,2920988.0
1613692800,88.45,88.72,87.04,87.06,2580702.0
1613952000,87.0,88.11,86.43,87.79,2646866.0
1614038400,88.44,90.49,88.0,89.75,4797088.0
1614124800,89.75,91.0,87.73,87.74,3659514.0
1614211200,87.74,88.64,86.63,87.11,3552821.0
1614297600,87.61,87.68,85.5,85.95,4540226.0
1614556800,86.48,88.25,86.48,87.64,2193161.0
1614643200,87.77,89.24,87.33,88.71,2911465.0
1614729600,88.41,90.38,87.87,88.86,2788946.0
1614816000,88.68,89.3,86.76,86.99,3305375.0
1614902400,87.95,89.8,86.84,89.56,3341538.0
1615161600,89.52,92.595,88.69,91.02,3192882.0
1615248000,90.48,91.23,90.11,90.18,2919444.0
1615334400,90.43,92.86,90.115,92.22,2869700.0
1615420800,92.12,93.575,91.3,92.79,2998323.0
1615507200,93.34,93.43,92.53,93.04,1766837.0
1615766400,93.33,93.7,92.7,93.38,1869668.0
1615852800,92.79,93.54,92.04,93.37,1955012.0
1615939200,91.3,92.8099,90.29,91.1,3543570.0
1616025600,91.4,91.44,90.01,90.35,2491869.0
1616112000,90.78,91.59,89.53,90.94,5568739.0
1616371200,90.27,91.26,89.79,90.13,1684135.0
1616457600,89.98,91.35,89.98,90.75,1936087.0
1616544000,90.87,93.88,90.25,92.49,3203815.0
1616630400,93.05,94.515,92.65,94.23,4315905.0
1616716800,94.34,95.47,93.835,95.25,2874885.0
1616976000,95.03,96.98,94.12,96.2,2410475.0
1617062400,96.03,96.37,94.81,95.55,2162230.0
1617148800,95.55,95.68,94.69,95.61,3383039.0
1617235200,95.45,95.84,94.75,95.55,2487909.0
1617580800,95.9,97.29,95.81,96.72,2139570.0
1617667200,96.79,96.86,95.22,95.43,2478470.0
1617753600,95.49,96.225,95.23,95.86,2146611.0
1617840000,95.69,96.17,94.2038,94.98,2319532.0
1617926400,95.55,95.97,95.12,95.68,2197029.0
1618185600,95.8,96.47,95.42,96.43,2537583.0
1618272000,96.3,97.9,96.06,97.29,3404034.0
1618358400,97.21,97.65,96.93,97.18,2194908.0
1618444800,97.74,101.49,97.51,100.4,4481298.0
1618531200,100.26,100.61,98.68,98.76,4278511.0
1618790400,98.51,99.36,97.36,99.29,2000135.0
1618876800,99.39,100.56,99.195,99.79,1606482.0
1618963200,100.37,101.31,100.0,101.21,2412871.0
1619049600,100.73,100.92,99.52,100.15,1621113.0
1619136000,100.26,101.0,99.94,100.76,1788541.0
1619395200,100.82,101.04,99.75,99.86,2702385.0
1619481600,99.72,100.07,99.4301,99.91,1480906.0
1619568000,100.38,100.6,99.42,100.36,1386821.0
1619654400,100.4,102.04,100.36,101.95,1724033.0
1619740800,101.78,102.2388,100.67,100.74,2364347.0
1620000000,101.79,102.95,101.03,102.56,2182265.0
1620086400,102.31,103.17,102.08,103.13,3055819.0
1620172800,103.14,104.055,103.03,103.8,1789022.0
1620259200,104.5,104.79,103.81,104.2,2167354.0
1620345600,103.8,105.42,103.45,105.18,2158287.0
1620604800,105.57,107.15,105.52,105.74,2265024.0
1620691200,107.44,107.44,104.75,105.08,3404340.0
1620777600,105.1,105.99,104.6,104.76,2683581.0
1620864000,104.4,106.81,104.06,106.05,2210974.0
1620950400,106.51,107.585,106.2825,107.1,1573908.0
1621209600,107.1,107.53,106.42,106.56,1437084.0
1621296000,106.39,106.67,105.46,105.98,1787083.0
1621382400,105.35,105.7,99.605,101.0,5700957.0
1621468800,99.17,102.83,99.0,102.04,3446070.0
1621555200,102.06,102.34,99.1,99.14,3469017.0
1621814400,99.22,100.1,97.18,97.46,3506377.0
1621900800,96.71,98.175,96.45,97.28,3001807.0
1621987200,98.23,99.02,97.42,98.4,3201565.0
1622073600,98.72,99.29,97.9,99.15,4817258.0
1622160000,99.71,100.06,99.04,99.08,2109041.0
1622505600,99.46,100.32,98.52,99.31,2071505.0
1622592000,99.58,100.66,98.35,100.47,2447773.0
1622678400,100.24,101.14,99.955,99.96,2051943.0
1622764800,100.26,100.56,99.555,100.36,1318244.0
1623024000,98.75,98.75,95.9,96.39,4923890.0
1623110400,96.41,96.65,95.43,95.86,3198662.0
1623196800,95.88,96.25,94.79,94.82,2628785.0
1623283200,95.06,95.74,93.41,94.02,3269462.0
1623369600,94.29,94.425,93.25,93.6,2641236.0
1623628800,93.24,93.4,92.3,93.12,3646977.0
1623715200,93.28,94.085,92.27,93.76,3447552.0
1623801600,93.21,94.48,92.1301,92.92,4435868.0
1623888000,92.86,93.2392,91.02,91.84,4415888.0
1623974400,90.78,92.48,90.215,92.31,9156010.0
1624233600,92.71,94.79,92.7,94.6,4757246.0
1624320000,94.56,95.41,94.385,94.95,2381404.0
1624406400,94.91,95.59,94.6,94.92,1923167.0
1624492800,95.32,95.85,94.9,95.69,2643459.0
1624579200,95.88,96.98,95.46,96.85,5359099.0
1624838400,96.77,97.94,96.38,97.33,2395838.0
1624924800,97.7,98.765,97.65,98.44,2569296.0
1625011200,98.49,98.86,98.02,98.21,2570824.0
1625097600,98.52,99.49,97.93,98.84,2436986.0
1625184000,98.97,99.23,98.44,98.97,1873605.0
1625529600,98.86,98.9,97.03,97.86,2659349.0
1625616000,97.64,99.52,97.46,99.11,2300635.0
1625702400,98.21,99.45,97.925,98.49,3565771.0
1625788800,99.9,101.37,98.98,99.63,3426354.0
1626048000,99.5,100.35,98.92,99.88,2487452.0
1626134400,99.55,99.65,97.72,97.79,3251021.0
1626220800,98.0,98.62,96.6444,97.45,2377759.0
1626307200,90.0,95.5,89.6,94.95,7070212.0
1626393600,93.41,96.31,92.9675,96.18,4555933.0
1626652800,95.29,95.7,93.66,94.57,3959619.0
1626739200,94.83,96.0,94.04,94.42,3198126.0
1626825600,94.51,95.4,93.95,94.01,2576104.0
1626912000,93.82,93.895,92.92,93.4,3876788.0
1626998400,93.69,94.82,93.45,94.73,2095693.0
1627257600,94.4,94.965,94.28,94.64,1836135.0
1627344000,94.41,96.25,93.98,95.88,2216084.0
1627430400,95.88,95.95,94.49,94.52,2894779.0
1627516800,94.97,96.09,94.72,95.76,1867218.0
1627603200,95.66,96.01,94.85,95.16,2355115.0
1627862400,95.64,96.24,94.94,95.04,1510599.0
1627948800,95.52,96.79,95.01,96.61,2069866.0
1628035200,96.35,96.36,95.24,95.35,1871120.0
1628121600,95.59,95.59,94.165,95.42,2403014.0
1628208000,95.88,97.44,95.4,96.92,3067688.0
1628467200,97.17,97.59,96.71,97.12,1522062.0
1628553600,96.95,97.38,96.26,96.35,2120450.0
1628640000,96.5,97.15,95.7789,97.09,2050723.0
1628726400,97.1,97.47,96.53,96.94,1803137.0
1628812800,97.07,97.17,96.01,96.12,1413398.0
1629072000,95.69,97.22,95.23,97.1,3565154.0
1629158400,96.5,96.53,94.56,95.67,3631895.0
1629244800,94.94,96.27,94.39,95.57,3890089.0
1629331200,95.47,96.97,95.3373,96.2,1750409.0
1629417600,96.37,98.61,95.945,97.57,3638810.0
1629676800,97.37,98.21,97.24,97.29,1898478.0
1629763200,97.39,97.79,96.275,96.63,1601095.0
1629849600,96.54,97.0,96.15,96.22,1669920.0
1629936000,96.16,96.47,95.75,96.23,2663876.0
1630022400,96.55,97.65,96.02,97.49,2913320.0
1630281600,97.57,97.73,96.04,96.15,1922744.0
1630368000,96.34,97.3,96.05,96.34,2547139.0
1630454400,96.24,96.63,95.19,96.41,1804430.0
1630540800,96.44,97.05,95.98,96.35,2193893.0
1630627200,96.17,96.68,95.5,96.23,1405349.0
1630972800,95.73,95.9,94.13,94.26,1803517.0
1631059200,94.26,94.74,94.05,94.29,2279778.0
1631145600,94.18,94.47,93.19,93.22,2095846.0
1631232000,93.27,93.765,92.35,93.12,1943187.0
1631491200,93.65,94.34,92.97,94.0,2506698.0
1631577600,93.91,94.23,92.91,93.2,2455915.0
1631664000,93.31,93.71,92.62,93.31,2546211.0
1631750400,93.37,93.37,92.54,92.99,1482103.0
1631836800,92.67,92.96,92.171,92.61,4029654.0
1632096000,91.94,92.47,91.14,92.21,2250407.0
1632182400,92.39,93.26,92.03,92.07,1882078.0
1632268800,92.75,92.76,91.82,92.04,1894868.0
1632355200,92.27,92.48,91.48,91.57,2424553.0
1632441600,91.93,92.29,91.3,91.56,1690076.0
1632700800,91.46,92.29,90.65,90.68,2154998.0
1632787200,90.65,91.0,89.88,90.35,3803847.0
1632873600,89.73,91.99,89.73,91.14,2531324.0
1632960000,91.51,92.015,90.35,90.39,2472874.0
1633046400,90.7,91.64,89.68,90.94,2685782.0
1633305600,90.9,91.5,89.92,90.31,2831078.0
1633392000,90.95,91.655,90.48,91.26,2973346.0
1633478400,91.01,92.4,90.68,92.27,2269736.0
1633564800,92.66,93.33,91.07,91.14,3075224.0
1633651200,91.25,91.735,90.32,90.93,2023645.0
1633910400,91.07,92.43,91.07,91.2,1842101.0
1633996800,91.21,91.45,89.97,90.52,2356694.0
1634083200,90.43,90.93,89.5,90.82,1887916.0
1634169600,90.25,91.1788,89.35,90.01,3635121.0
1634256000,90.53,92.27,89.88,91.25,3179671.0
1634515200,90.99,91.05,89.94,90.34,2419356.0
1634601600,90.88,92.73,90.6,92.62,2674140.0
1634688000,92.93,94.54,92.815,94.5,2562084.0
1634774400,94.71,94.79,93.295,94.63,3149827.0
1634860800,94.89,96.49,94.68,95.62,2542795.0
1635120000,95.63,96.65,95.21,96.35,2235521.0
1635206400,96.41,96.9,96.14,96.25,1989675.0
1635292800,96.52,96.52,94.2,94.3,1739304.0
1635379200,94.55,95.82,94.42,95.69,1314999.0
1635465600,95.89,95.985,94.67,94.88,2128165.0
1635724800,94.84,95.09,93.08,94.7,1945385.0
1635811200,94.92,94.94,94.21,94.62,2053921.0
1635897600,94.48,95.5,93.81,95.15,2139654.0
1635984000,94.72,95.97,94.13,94.57,3018366.0
1636070400,94.86,96.68,94.59,95.84,2170212.0
1636329600,95.94,96.61,95.54,96.41,2074445.0
1636416000,96.01,96.36,94.725,95.45,2807868.0
1636502400,95.5,96.25,95.24,95.71,1693984.0
1636588800,95.11,96.11,94.89,95.86,1566873.0
1636675200,96.02,96.44,95.3,96.17,1778882.0
1636934400,96.45,96.49,93.71,93.98,2304233.0
1637020800,94.1,95.08,93.83,93.88,2256225.0
1637107200,93.62,94.14,90.7,90.73,4601689.0
1637193600,90.51,91.78,89.86,90.72,2663514.0
1637280000,90.35,91.23,89.66,90.3,2581429.0
1637539200,90.61,92.84,90.48,92.05,2659941.0
1637625600,92.89,94.745,92.09,94.52,3257578.0
1637712000,94.43,95.905,93.98,95.64,2449619.0
1637884800,94.35,95.905,94.06,94.59,1817423.0
1638144000,95.21,95.62,93.4,94.97,2134011.0
1638230400,94.15,94.66,92.44,92.94,6405102.0
1638316800,93.96,95.36,93.11,93.13,2961527.0
1638403200,93.6,96.88,93.36,96.0,2787058.0
1638489600,96.13,96.31,94.17,95.22,2605771.0
1638748800,96.43,97.13,95.96,96.79,2788372.0
1638835200,97.155,97.42,96.3,96.81,2876846.0
1638921600,96.94,97.28,94.88,95.12,2397350.0
1639008000,94.36,95.575,94.11,95.25,2584794.0
1639094400,95.76,95.91,94.74,95.06,2385848.0
1639353600,94.71,97.29,94.63,96.69,3029795.0
1639440000,96.86,98.0,96.7,97.14,2939407.0
1639526400,98.0,103.17,97.74,101.81,5645211.0
1639612800,101.18,103.77,101.16,103.02,4065453.0
1639699200,101.7,102.3,99.73,100.97,5848271.0
1639958400,100.2,101.67,99.28,101.52,2560750.0
1640044800,102.03,103.1,100.67,101.22,3429445.0
1640131200,101.35,101.35,100.09,101.16,1629655.0
1640217600,101.5,102.21,101.07,101.25,2133269.0
1640563200,101.46,103.34,101.375,103.32,1306118.0
1640649600,103.3,104.07,103.255,103.35,1833643.0
1640736000,103.42,104.59,103.42,103.97,1785499.0
1640822400,104.23,104.656,102.96,103.05,1165170.0
1640908800,103.23,103.69,102.63,102.65,1347600.0
